temp dep: 1
  53 74 1 0 0 1 1
  74 53 2 0 0 0 1
temp dep: 2
  27 39 1 0 0 1 1
  39 27 2 0 0 0 1
temp dep: 3
  24 25 1 73 651 1 2
  25 24 2 652 652 0 2
temp dep: 4
  45 46 1 43 651 1 2
  46 45 2 652 652 0 2
temp dep: 5
  54 75 1 0 0 1 1
  75 54 2 0 0 0 1
temp dep: 6
  36 37 1 73 651 1 2
  37 36 2 652 652 0 2
temp dep: 7
  51 52 1 36 651 1 2
  52 51 2 652 652 0 2
temp dep: 8
  57 58 1 71 651 1 2
  58 57 2 652 652 0 2
temp dep: 9
  54 55 1 39 651 0 3
  55 54 2 41 651 0 3
temp dep: 10
  39 40 1 43 651 0 3
  40 39 2 38 651 0 3
temp dep: 11
  55 76 1 0 0 1 1
  76 55 2 0 0 0 1
temp dep: 12
  26 38 1 0 0 1 1
  38 26 2 0 0 0 1
temp dep: 13
  75 76 1 39 651 0 3
  76 75 2 41 651 0 3
temp dep: 14
  42 43 1 89 651 0 3
  43 42 2 75 651 0 3
temp dep: 15
  20 22 1 0 0 1 1
  22 20 2 0 0 0 1
temp dep: 16
  28 40 1 0 0 1 1
  40 28 2 0 0 0 1
temp dep: 17
  3 9 1 0 0 1 1
  9 3 2 0 0 0 1
temp dep: 18
  27 28 1 43 651 0 3
  28 27 2 38 651 0 3
temp dep: 19
  63 64 1 44 651 0 3
  64 63 2 44 651 0 3
temp dep: 20
  66 67 1 37 651 1 2
  67 66 2 652 652 0 2
