temp dep: 1
  62 80 1 0 0 1 1
  80 62 2 0 0 0 1
temp dep: 2
  26 56 1 0 0 1 1
  56 26 2 0 0 0 1
temp dep: 3
  29 30 1 70 672 0 3
  30 29 2 47 672 0 3
temp dep: 4
  74 77 1 0 0 1 1
  77 74 2 0 0 0 1
temp dep: 5
  63 81 1 0 0 1 1
  81 63 2 0 0 0 1
temp dep: 6
  50 51 1 41 672 1 2
  51 50 2 673 673 0 2
temp dep: 7
  61 79 1 0 0 1 1
  79 61 2 0 0 0 1
temp dep: 8
  53 54 1 62 672 0 3
  54 53 2 59 672 0 3
temp dep: 9
  38 39 1 39 672 1 2
  39 38 2 673 673 0 2
temp dep: 10
  74 75 1 38 672 0 3
  75 74 2 37 672 0 3
temp dep: 11
  56 57 1 38 672 1 2
  57 56 2 673 673 0 2
temp dep: 12
  75 78 1 0 0 1 1
  78 75 2 0 0 0 1
temp dep: 13
  62 63 1 41 672 1 2
  63 62 2 673 673 0 2
temp dep: 14
  25 55 1 0 0 1 1
  55 25 2 0 0 0 1
temp dep: 15
  77 78 1 38 672 0 3
  78 77 2 37 672 0 3
temp dep: 16
  23 24 1 41 672 1 2
  24 23 2 673 673 0 2
temp dep: 17
  73 76 1 0 0 1 1
  76 73 2 0 0 0 1
temp dep: 18
  27 57 1 0 0 1 1
  57 27 2 0 0 0 1
temp dep: 19
  80 81 1 41 672 1 2
  81 80 2 673 673 0 2
temp dep: 20
  6 16 1 0 0 1 1
  16 6 2 0 0 0 1
temp dep: 21
  26 27 1 38 672 1 2
  27 26 2 673 673 0 2
temp dep: 22
  47 48 1 61 672 0 3
  48 47 2 59 672 0 3
temp dep: 23
  68 69 1 40 672 1 2
  69 68 2 673 673 0 2
temp dep: 24
  59 60 1 61 672 1 2
  60 59 2 673 673 0 2
