temp dep: 1
  14 38 1 0 0 1 1
  38 14 2 0 0 0 1
temp dep: 2
  26 29 1 0 0 1 1
  29 26 2 0 0 0 1
temp dep: 3
  27 28 1 43 717 0 3
  28 27 2 45 717 0 3
temp dep: 4
  30 31 1 43 717 0 3
  31 30 2 45 717 0 3
temp dep: 5
  27 30 1 0 0 1 1
  27 30 2 0 0 0 1
temp dep: 6
  28 31 1 0 0 1 1
  28 31 2 0 0 0 1
temp dep: 7
  15 16 1 52 717 0 3
  16 15 2 72 717 0 3
temp dep: 8
  39 40 1 52 717 0 3
  40 39 2 72 717 0 3
temp dep: 9
  15 39 1 0 0 1 1
  15 39 2 0 0 0 1
temp dep: 10
  16 40 1 0 0 1 1
  16 40 2 0 0 0 1
temp dep: 11
  21 22 1 46 717 0 3
  22 21 2 58 717 0 3
temp dep: 12
  18 19 1 58 717 1 2
  19 18 2 718 718 0 2
temp dep: 13
  33 34 1 41 717 1 2
  34 33 2 718 718 0 2
temp dep: 14
  12 13 1 45 717 0 3
  13 12 2 42 717 0 3
