temp dep: 1
  45 48 1 0 0 1 1
  48 45 2 0 0 0 1
temp dep: 2
  46 47 1 36 656 1 2
  47 46 2 657 657 0 2
temp dep: 3
  52 53 1 37 656 0 3
  53 52 2 49 656 0 3
temp dep: 4
  40 41 1 38 656 1 2
  41 40 2 657 657 0 2
temp dep: 5
  79 80 1 43 656 1 2
  80 79 2 657 657 0 2
temp dep: 6
  76 77 1 63 656 1 2
  77 76 2 657 657 0 2
temp dep: 7
  82 83 1 39 656 0 3
  83 82 2 47 656 0 3
temp dep: 8
  34 35 1 39 656 0 3
  35 34 2 46 656 0 3
temp dep: 9
  67 68 1 40 656 0 3
  68 67 2 37 656 0 3
temp dep: 10
  47 50 1 0 0 1 1
  50 47 2 0 0 0 1
temp dep: 11
  5 9 1 0 0 1 1
  9 5 2 0 0 0 1
temp dep: 12
  31 32 1 38 656 0 3
  32 31 2 42 656 0 3
temp dep: 13
  2 19 1 0 0 1 1
  19 2 2 0 0 0 1
temp dep: 14
  64 65 1 78 656 0 3
  65 64 2 38 656 0 3
temp dep: 15
  49 50 1 36 656 1 2
  50 49 2 657 657 0 2
temp dep: 16
  4 16 1 0 0 1 1
  16 4 2 0 0 0 1
temp dep: 17
  22 23 1 85 656 0 3
  23 22 2 42 656 0 3
temp dep: 18
  55 56 1 39 656 1 2
  56 55 2 657 657 0 2
temp dep: 19
  73 74 1 49 656 1 2
  74 73 2 657 657 0 2
temp dep: 20
  46 49 1 0 0 1 1
  49 46 2 0 0 0 1
