temp dep: 1
  16 34 1 0 0 1 1
  34 16 2 0 0 0 1
temp dep: 2
  2 4 1 0 0 1 1
  4 2 2 0 0 0 1
temp dep: 3
  17 18 1 52 703 0 3
  18 17 2 41 703 0 3
temp dep: 4
  35 36 1 52 703 0 3
  36 35 2 41 703 0 3
temp dep: 5
  17 35 1 0 0 1 1
  17 35 2 0 0 0 1
temp dep: 6
  18 36 1 0 0 1 1
  18 36 2 0 0 0 1
temp dep: 7
  23 24 1 78 703 1 2
  24 23 2 704 704 0 2
temp dep: 8
  14 15 1 60 703 0 3
  15 14 2 59 703 0 3
temp dep: 9
  44 45 1 53 703 0 3
  45 44 2 59 703 0 3
temp dep: 10
  11 12 1 40 703 1 2
  12 11 2 704 704 0 2
