temp dep: 1
  14 86 1 0 0 1 1
  86 14 2 0 0 0 1
temp dep: 2
  27 90 1 0 0 1 1
  90 27 2 0 0 0 1
temp dep: 3
  18 19 1 44 723 0 3
  19 18 2 48 723 0 3
temp dep: 4
  57 58 1 102 723 1 2
  58 57 2 724 724 0 2
temp dep: 5
  39 40 1 61 723 0 3
  40 39 2 62 723 0 3
temp dep: 6
  15 87 1 0 0 1 1
  87 15 2 0 0 0 1
temp dep: 7
  28 91 1 0 0 1 1
  91 28 2 0 0 0 1
temp dep: 8
  81 82 1 41 723 0 3
  82 81 2 50 723 0 3
temp dep: 9
  26 89 1 0 0 1 1
  89 26 2 0 0 0 1
temp dep: 10
  93 94 1 52 723 1 2
  94 93 2 724 724 0 2
temp dep: 11
  36 37 1 43 723 0 3
  37 36 2 50 723 0 3
temp dep: 12
  72 73 1 133 723 1 2
  73 72 2 724 724 0 2
temp dep: 13
  15 16 1 40 723 1 2
  16 15 2 724 724 0 2
temp dep: 14
  45 46 1 155 723 1 2
  46 45 2 724 724 0 2
temp dep: 15
  16 88 1 0 0 1 1
  88 16 2 0 0 0 1
temp dep: 16
  66 67 1 40 723 1 2
  67 66 2 724 724 0 2
temp dep: 17
  27 28 1 85 723 1 2
  28 27 2 724 724 0 2
temp dep: 18
  3 13 1 0 0 1 1
  13 3 2 0 0 0 1
temp dep: 19
  24 25 1 85 723 1 2
  25 24 2 724 724 0 2
temp dep: 20
  87 88 1 40 723 1 2
  88 87 2 724 724 0 2
temp dep: 21
  63 64 1 53 723 1 2
  64 63 2 724 724 0 2
temp dep: 22
  60 61 1 46 723 1 2
  61 60 2 724 724 0 2
temp dep: 23
  33 34 1 61 723 1 2
  34 33 2 724 724 0 2
temp dep: 24
  90 91 1 85 723 1 2
  91 90 2 724 724 0 2
temp dep: 25
  2 9 1 0 0 1 1
  9 2 2 0 0 0 1
temp dep: 26
  51 52 1 76 723 0 3
  52 51 2 60 723 0 3
temp dep: 27
  42 43 1 60 723 1 2
  43 42 2 724 724 0 2
temp dep: 28
  84 85 1 68 723 0 3
  85 84 2 45 723 0 3
temp dep: 29
  78 79 1 82 723 0 3
  79 78 2 90 723 0 3
