temp dep: 1
  19 22 1 0 0 1 1
  22 19 2 0 0 0 1
temp dep: 2
  20 21 1 36 656 1 2
  21 20 2 657 657 0 2
temp dep: 3
  26 27 1 37 656 0 3
  27 26 2 49 656 0 3
temp dep: 4
  41 42 1 63 656 1 2
  42 41 2 657 657 0 2
temp dep: 5
  44 45 1 39 656 0 3
  45 44 2 47 656 0 3
temp dep: 6
  14 15 1 39 656 0 3
  15 14 2 46 656 0 3
temp dep: 7
  35 36 1 40 656 0 3
  36 35 2 37 656 0 3
temp dep: 8
  21 24 1 0 0 1 1
  24 21 2 0 0 0 1
temp dep: 9
  32 33 1 78 656 0 3
  33 32 2 38 656 0 3
temp dep: 10
  23 24 1 36 656 1 2
  24 23 2 657 657 0 2
temp dep: 11
  2 7 1 0 0 1 1
  7 2 2 0 0 0 1
temp dep: 12
  29 30 1 39 656 1 2
  30 29 2 657 657 0 2
temp dep: 13
  20 23 1 0 0 1 1
  23 20 2 0 0 0 1
