temp dep: 1
  13 31 1 0 0 1 1
  31 13 2 0 0 0 1
temp dep: 2
  15 33 1 0 0 1 1
  33 15 2 0 0 0 1
temp dep: 3
  38 39 1 109 718 0 3
  39 38 2 66 718 0 3
temp dep: 4
  35 36 1 62 718 1 2
  36 35 2 719 719 0 2
temp dep: 5
  14 32 1 0 0 1 1
  32 14 2 0 0 0 1
temp dep: 6
  32 33 1 67 718 1 2
  33 32 2 719 719 0 2
temp dep: 7
  17 18 1 40 718 0 3
  18 17 2 45 718 0 3
temp dep: 8
  20 21 1 80 718 1 2
  21 20 2 719 719 0 2
temp dep: 9
  41 42 1 83 718 1 2
  42 41 2 719 719 0 2
temp dep: 10
  29 30 1 43 718 1 2
  30 29 2 719 719 0 2
temp dep: 11
  14 15 1 67 718 1 2
  15 14 2 719 719 0 2
temp dep: 12
  74 75 1 66 718 0 3
  75 74 2 116 718 0 3
temp dep: 13
  26 27 1 43 718 1 2
  27 26 2 719 719 0 2
temp dep: 14
  3 9 1 0 0 1 1
  9 3 2 0 0 0 1
temp dep: 15
  11 12 1 77 718 1 2
  12 11 2 719 719 0 2
temp dep: 16
  59 60 1 42 718 0 3
  60 59 2 51 718 0 3
temp dep: 17
  62 63 1 50 718 0 3
  63 62 2 41 718 0 3
temp dep: 18
  2 6 1 0 0 1 1
  6 2 2 0 0 0 1
