temp dep: 1
  45 60 1 0 0 1 1
  60 45 2 0 0 0 1
temp dep: 2
  54 57 1 0 0 1 1
  57 54 2 0 0 0 1
temp dep: 3
  46 61 1 0 0 1 1
  61 46 2 0 0 0 1
temp dep: 4
  36 37 1 41 672 1 2
  37 36 2 673 673 0 2
temp dep: 5
  44 59 1 0 0 1 1
  59 44 2 0 0 0 1
temp dep: 6
  39 40 1 62 672 0 3
  40 39 2 59 672 0 3
temp dep: 7
  27 28 1 39 672 1 2
  28 27 2 673 673 0 2
temp dep: 8
  54 55 1 38 672 0 3
  55 54 2 37 672 0 3
temp dep: 9
  55 58 1 0 0 1 1
  58 55 2 0 0 0 1
temp dep: 10
  45 46 1 41 672 1 2
  46 45 2 673 673 0 2
temp dep: 11
  57 58 1 38 672 0 3
  58 57 2 37 672 0 3
temp dep: 12
  18 19 1 41 672 1 2
  19 18 2 673 673 0 2
temp dep: 13
  53 56 1 0 0 1 1
  56 53 2 0 0 0 1
temp dep: 14
  60 61 1 41 672 1 2
  61 60 2 673 673 0 2
temp dep: 15
  4 12 1 0 0 1 1
  12 4 2 0 0 0 1
temp dep: 16
  48 49 1 40 672 1 2
  49 48 2 673 673 0 2
temp dep: 17
  42 43 1 61 672 1 2
  43 42 2 673 673 0 2
