temp dep: 1
  19 40 1 0 0 1 1
  40 19 2 0 0 0 1
temp dep: 2
  21 42 1 0 0 1 1
  42 21 2 0 0 0 1
temp dep: 3
  50 51 1 109 718 0 3
  51 50 2 66 718 0 3
temp dep: 4
  47 48 1 62 718 1 2
  48 47 2 719 719 0 2
temp dep: 5
  68 69 1 69 718 0 3
  69 68 2 64 718 0 3
temp dep: 6
  20 41 1 0 0 1 1
  41 20 2 0 0 0 1
temp dep: 7
  5 8 1 0 0 1 1
  8 5 2 0 0 0 1
temp dep: 8
  41 42 1 67 718 1 2
  42 41 2 719 719 0 2
temp dep: 9
  23 24 1 40 718 0 3
  24 23 2 45 718 0 3
temp dep: 10
  29 30 1 80 718 1 2
  30 29 2 719 719 0 2
temp dep: 11
  53 54 1 83 718 1 2
  54 53 2 719 719 0 2
temp dep: 12
  38 39 1 43 718 1 2
  39 38 2 719 719 0 2
temp dep: 13
  20 21 1 67 718 1 2
  21 20 2 719 719 0 2
temp dep: 14
  44 45 1 40 718 0 3
  45 44 2 42 718 0 3
temp dep: 15
  92 93 1 66 718 0 3
  93 92 2 116 718 0 3
temp dep: 16
  35 36 1 43 718 1 2
  36 35 2 719 719 0 2
temp dep: 17
  4 15 1 0 0 1 1
  15 4 2 0 0 0 1
temp dep: 18
  17 18 1 77 718 1 2
  18 17 2 719 719 0 2
temp dep: 19
  74 75 1 42 718 0 3
  75 74 2 51 718 0 3
temp dep: 20
  77 78 1 50 718 0 3
  78 77 2 41 718 0 3
temp dep: 21
  2 12 1 0 0 1 1
  12 2 2 0 0 0 1
