temp dep: 1
  6 48 1 0 0 1 1
  48 6 2 0 0 0 1
temp dep: 2
  13 52 1 0 0 1 1
  52 13 2 0 0 0 1
temp dep: 3
  28 29 1 102 723 1 2
  29 28 2 724 724 0 2
temp dep: 4
  16 17 1 61 723 0 3
  17 16 2 62 723 0 3
temp dep: 5
  7 49 1 0 0 1 1
  49 7 2 0 0 0 1
temp dep: 6
  14 53 1 0 0 1 1
  53 14 2 0 0 0 1
temp dep: 7
  43 44 1 41 723 0 3
  44 43 2 50 723 0 3
temp dep: 8
  12 51 1 0 0 1 1
  51 12 2 0 0 0 1
temp dep: 9
  7 8 1 40 723 1 2
  8 7 2 724 724 0 2
temp dep: 10
  22 23 1 155 723 1 2
  23 22 2 724 724 0 2
temp dep: 11
  8 50 1 0 0 1 1
  50 8 2 0 0 0 1
temp dep: 12
  34 35 1 40 723 1 2
  35 34 2 724 724 0 2
temp dep: 13
  13 14 1 85 723 1 2
  14 13 2 724 724 0 2
temp dep: 14
  10 11 1 85 723 1 2
  11 10 2 724 724 0 2
temp dep: 15
  49 50 1 40 723 1 2
  50 49 2 724 724 0 2
temp dep: 16
  31 32 1 46 723 1 2
  32 31 2 724 724 0 2
temp dep: 17
  52 53 1 85 723 1 2
  53 52 2 724 724 0 2
temp dep: 18
  25 26 1 76 723 0 3
  26 25 2 60 723 0 3
temp dep: 19
  19 20 1 60 723 1 2
  20 19 2 724 724 0 2
temp dep: 20
  46 47 1 68 723 0 3
  47 46 2 45 723 0 3
