temp dep: 1
  10 22 1 0 0 1 1
  22 10 2 0 0 0 1
temp dep: 2
  12 24 1 0 0 1 1
  24 12 2 0 0 0 1
temp dep: 3
  26 27 1 62 718 1 2
  27 26 2 719 719 0 2
temp dep: 4
  11 23 1 0 0 1 1
  23 11 2 0 0 0 1
temp dep: 5
  23 24 1 67 718 1 2
  24 23 2 719 719 0 2
temp dep: 6
  14 15 1 40 718 0 3
  15 14 2 45 718 0 3
temp dep: 7
  17 18 1 80 718 1 2
  18 17 2 719 719 0 2
temp dep: 8
  29 30 1 83 718 1 2
  30 29 2 719 719 0 2
temp dep: 9
  11 12 1 67 718 1 2
  12 11 2 719 719 0 2
temp dep: 10
  50 51 1 66 718 0 3
  51 50 2 116 718 0 3
temp dep: 11
  20 21 1 43 718 1 2
  21 20 2 719 719 0 2
temp dep: 12
  8 9 1 77 718 1 2
  9 8 2 719 719 0 2
temp dep: 13
  41 42 1 50 718 0 3
  42 41 2 41 718 0 3
temp dep: 14
  2 4 1 0 0 1 1
  4 2 2 0 0 0 1
