temp dep: 1
  11 65 1 0 0 1 1
  65 11 2 0 0 0 1
temp dep: 2
  21 69 1 0 0 1 1
  69 21 2 0 0 0 1
temp dep: 3
  42 43 1 102 723 1 2
  43 42 2 724 724 0 2
temp dep: 4
  27 28 1 61 723 0 3
  28 27 2 62 723 0 3
temp dep: 5
  12 66 1 0 0 1 1
  66 12 2 0 0 0 1
temp dep: 6
  22 70 1 0 0 1 1
  70 22 2 0 0 0 1
temp dep: 7
  60 61 1 41 723 0 3
  61 60 2 50 723 0 3
temp dep: 8
  20 68 1 0 0 1 1
  68 20 2 0 0 0 1
temp dep: 9
  24 25 1 43 723 0 3
  25 24 2 50 723 0 3
temp dep: 10
  12 13 1 40 723 1 2
  13 12 2 724 724 0 2
temp dep: 11
  33 34 1 155 723 1 2
  34 33 2 724 724 0 2
temp dep: 12
  13 67 1 0 0 1 1
  67 13 2 0 0 0 1
temp dep: 13
  51 52 1 40 723 1 2
  52 51 2 724 724 0 2
temp dep: 14
  21 22 1 85 723 1 2
  22 21 2 724 724 0 2
temp dep: 15
  2 10 1 0 0 1 1
  10 2 2 0 0 0 1
temp dep: 16
  18 19 1 85 723 1 2
  19 18 2 724 724 0 2
temp dep: 17
  66 67 1 40 723 1 2
  67 66 2 724 724 0 2
temp dep: 18
  48 49 1 53 723 1 2
  49 48 2 724 724 0 2
temp dep: 19
  45 46 1 46 723 1 2
  46 45 2 724 724 0 2
temp dep: 20
  69 70 1 85 723 1 2
  70 69 2 724 724 0 2
temp dep: 21
  36 37 1 76 723 0 3
  37 36 2 60 723 0 3
temp dep: 22
  30 31 1 60 723 1 2
  31 30 2 724 724 0 2
temp dep: 23
  63 64 1 68 723 0 3
  64 63 2 45 723 0 3
