temp dep: 1
  31 34 1 0 0 1 1
  34 31 2 0 0 0 1
temp dep: 2
  32 33 1 36 656 1 2
  33 32 2 657 657 0 2
temp dep: 3
  38 39 1 37 656 0 3
  39 38 2 49 656 0 3
temp dep: 4
  29 30 1 38 656 1 2
  30 29 2 657 657 0 2
temp dep: 5
  59 60 1 43 656 1 2
  60 59 2 657 657 0 2
temp dep: 6
  56 57 1 63 656 1 2
  57 56 2 657 657 0 2
temp dep: 7
  62 63 1 39 656 0 3
  63 62 2 47 656 0 3
temp dep: 8
  23 24 1 39 656 0 3
  24 23 2 46 656 0 3
temp dep: 9
  50 51 1 40 656 0 3
  51 50 2 37 656 0 3
temp dep: 10
  33 36 1 0 0 1 1
  36 33 2 0 0 0 1
temp dep: 11
  2 14 1 0 0 1 1
  14 2 2 0 0 0 1
temp dep: 12
  47 48 1 78 656 0 3
  48 47 2 38 656 0 3
temp dep: 13
  35 36 1 36 656 1 2
  36 35 2 657 657 0 2
temp dep: 14
  4 11 1 0 0 1 1
  11 4 2 0 0 0 1
temp dep: 15
  17 18 1 85 656 0 3
  18 17 2 42 656 0 3
temp dep: 16
  41 42 1 39 656 1 2
  42 41 2 657 657 0 2
temp dep: 17
  32 35 1 0 0 1 1
  35 32 2 0 0 0 1
