0	19	29	17	12	25	10	19	20	18	11	2	17	24	15	12	17	14	17	8	8	8	3	3	3	22	22	22	11	11	11	21	21	21	20	20	20	23	23	23	22	22	22	22	22	22	17	17	17	17	17	17	23	23	23	0
19	10000	31	32	7	29	27	10000	33	15	17	19	29	27	6	18	35	9	35	24	24	24	17	17	17	5	5	5	24	24	24	38	38	38	39	39	39	8	8	8	40	40	40	24	24	24	36	36	36	15	15	15	8	8	8	19
29	31	10000	22	28	5	37	31	19	42	20	31	45	6	33	18	32	35	32	24	24	24	28	28	28	36	36	36	20	20	20	47	47	47	40	40	40	39	39	39	43	43	43	49	49	49	37	37	37	17	17	17	39	39	39	29
17	32	22	10000	26	18	20	32	5	35	16	19	30	18	30	16	10	30	10	10	10	10	18	18	18	36	36	36	8	8	8	27	27	27	19	19	19	38	38	38	22	22	22	38	38	38	15	15	15	22	22	22	38	38	38	17
12	7	28	26	10000	25	21	7	27	14	11	13	24	24	5	13	29	7	29	17	17	17	10	10	10	10	10	10	18	18	18	32	32	32	32	32	32	13	13	13	33	33	33	22	22	22	29	29	29	12	12	12	13	13	13	12
25	29	5	18	25	10000	33	29	15	38	16	27	41	2	30	14	28	32	28	19	19	19	24	24	24	33	33	33	16	16	16	43	43	43	36	36	36	36	36	36	39	39	39	45	45	45	32	32	32	14	14	14	36	36	36	25
10	27	37	20	21	33	10000	27	24	21	20	9	10	31	22	21	15	20	15	14	14	14	12	12	12	29	29	29	17	17	17	12	12	12	13	13	13	29	29	29	13	13	13	21	21	21	12	12	12	27	27	27	29	29	29	10
19	10000	31	32	7	29	27	10000	33	15	17	19	29	27	6	18	35	9	35	24	24	24	17	17	17	5	5	5	24	24	24	38	38	38	39	39	39	8	8	8	40	40	40	24	24	24	36	36	36	15	15	15	8	8	8	19
20	33	19	5	27	15	24	33	10000	37	17	22	34	15	32	16	14	32	14	12	12	12	21	21	21	37	37	37	10	10	10	31	31	31	23	23	23	40	40	40	26	26	26	41	41	41	19	19	19	22	22	22	40	40	40	20
18	15	42	35	14	38	21	15	37	10000	23	16	18	37	11	25	33	8	33	26	26	26	17	17	17	13	13	13	28	28	28	29	29	29	34	34	34	11	11	11	33	33	33	9	9	9	32	32	32	26	26	26	11	11	11	18
11	17	20	16	11	16	20	17	17	23	10000	12	27	14	16	2	21	17	21	9	9	9	9	9	9	21	21	21	9	9	9	31	31	31	27	27	27	23	23	23	30	30	30	30	30	30	24	24	24	8	8	8	23	23	23	11
2	19	31	19	13	27	9	19	22	16	12	10000	15	26	15	14	18	14	18	10	10	10	4	4	4	21	21	21	13	13	13	20	20	20	20	20	20	22	22	22	21	21	21	20	20	20	18	18	18	19	19	19	22	22	22	2
17	29	45	30	24	41	10	29	34	18	27	15	10000	40	24	28	24	21	24	23	23	23	18	18	18	29	29	29	26	26	26	12	12	12	20	20	20	28	28	28	18	18	18	14	14	14	20	20	20	33	33	33	28	28	28	17
24	27	6	18	24	2	31	27	15	37	14	26	40	10000	28	13	27	30	27	18	18	18	23	23	23	32	32	32	15	15	15	42	42	42	35	35	35	35	35	35	38	38	38	43	43	43	32	32	32	13	13	13	35	35	35	24
15	6	33	30	5	30	22	6	32	11	16	15	24	28	10000	17	32	4	32	21	21	21	14	14	14	7	7	7	23	23	23	33	33	33	35	35	35	8	8	8	35	35	35	19	19	19	32	32	32	16	16	16	8	8	8	15
12	18	18	16	13	14	21	18	16	25	2	14	28	13	17	10000	22	19	22	10	10	10	11	11	11	22	22	22	8	8	8	32	32	32	28	28	28	25	25	25	30	30	30	31	31	31	25	25	25	7	7	7	25	25	25	12
17	35	32	10	29	28	15	35	14	33	21	18	24	27	32	22	10000	31	10000	13	13	13	19	19	19	38	38	38	14	14	14	18	18	18	9	9	9	39	39	39	13	13	13	35	35	35	6	6	6	28	28	28	39	39	39	17
14	9	35	30	7	32	20	9	32	8	17	14	21	30	4	19	31	10000	31	21	21	21	13	13	13	9	9	9	23	23	23	30	30	30	33	33	33	9	9	9	33	33	33	16	16	16	31	31	31	19	19	19	9	9	9	14
17	35	32	10	29	28	15	35	14	33	21	18	24	27	32	22	10000	31	10000	13	13	13	19	19	19	38	38	38	14	14	14	18	18	18	9	9	9	39	39	39	13	13	13	35	35	35	6	6	6	28	28	28	39	39	39	17
8	24	24	10	17	19	14	24	12	26	9	10	23	18	21	10	13	21	13	10000	10000	10000	9	9	9	27	27	27	4	4	4	24	24	24	19	19	19	29	29	29	21	21	21	30	30	30	15	15	15	17	17	17	29	29	29	8
8	24	24	10	17	19	14	24	12	26	9	10	23	18	21	10	13	21	13	10000	10000	10000	9	9	9	27	27	27	4	4	4	24	24	24	19	19	19	29	29	29	21	21	21	30	30	30	15	15	15	17	17	17	29	29	29	8
8	24	24	10	17	19	14	24	12	26	9	10	23	18	21	10	13	21	13	10000	10000	10000	9	9	9	27	27	27	4	4	4	24	24	24	19	19	19	29	29	29	21	21	21	30	30	30	15	15	15	17	17	17	29	29	29	8
3	17	28	18	10	24	12	17	21	17	9	4	18	23	14	11	19	13	19	9	9	9	10000	10000	10000	20	20	20	11	11	11	23	23	23	22	22	22	21	21	21	24	24	24	22	22	22	19	19	19	16	16	16	21	21	21	3
3	17	28	18	10	24	12	17	21	17	9	4	18	23	14	11	19	13	19	9	9	9	10000	10000	10000	20	20	20	11	11	11	23	23	23	22	22	22	21	21	21	24	24	24	22	22	22	19	19	19	16	16	16	21	21	21	3
3	17	28	18	10	24	12	17	21	17	9	4	18	23	14	11	19	13	19	9	9	9	10000	10000	10000	20	20	20	11	11	11	23	23	23	22	22	22	21	21	21	24	24	24	22	22	22	19	19	19	16	16	16	21	21	21	3
22	5	36	36	10	33	29	5	37	13	21	21	29	32	7	22	38	9	38	27	27	27	20	20	20	10000	10000	10000	28	28	28	39	39	39	41	41	41	4	4	4	42	42	42	22	22	22	38	38	38	19	19	19	4	4	4	22
22	5	36	36	10	33	29	5	37	13	21	21	29	32	7	22	38	9	38	27	27	27	20	20	20	10000	10000	10000	28	28	28	39	39	39	41	41	41	4	4	4	42	42	42	22	22	22	38	38	38	19	19	19	4	4	4	22
22	5	36	36	10	33	29	5	37	13	21	21	29	32	7	22	38	9	38	27	27	27	20	20	20	10000	10000	10000	28	28	28	39	39	39	41	41	41	4	4	4	42	42	42	22	22	22	38	38	38	19	19	19	4	4	4	22
11	24	20	8	18	16	17	24	10	28	9	13	26	15	23	8	14	23	14	4	4	4	11	11	11	28	28	28	10000	10000	10000	27	27	27	21	21	21	30	30	30	24	24	24	32	32	32	18	18	18	15	15	15	30	30	30	11
11	24	20	8	18	16	17	24	10	28	9	13	26	15	23	8	14	23	14	4	4	4	11	11	11	28	28	28	10000	10000	10000	27	27	27	21	21	21	30	30	30	24	24	24	32	32	32	18	18	18	15	15	15	30	30	30	11
11	24	20	8	18	16	17	24	10	28	9	13	26	15	23	8	14	23	14	4	4	4	11	11	11	28	28	28	10000	10000	10000	27	27	27	21	21	21	30	30	30	24	24	24	32	32	32	18	18	18	15	15	15	30	30	30	11
21	38	47	27	32	43	12	38	31	29	31	20	12	42	33	32	18	30	18	24	24	24	23	23	23	39	39	39	27	27	27	10000	10000	10000	11	11	11	38	38	38	8	8	8	25	25	25	13	13	13	38	38	38	38	38	38	21
21	38	47	27	32	43	12	38	31	29	31	20	12	42	33	32	18	30	18	24	24	24	23	23	23	39	39	39	27	27	27	10000	10000	10000	11	11	11	38	38	38	8	8	8	25	25	25	13	13	13	38	38	38	38	38	38	21
21	38	47	27	32	43	12	38	31	29	31	20	12	42	33	32	18	30	18	24	24	24	23	23	23	39	39	39	27	27	27	10000	10000	10000	11	11	11	38	38	38	8	8	8	25	25	25	13	13	13	38	38	38	38	38	38	21
20	39	40	19	32	36	13	39	23	34	27	20	20	35	35	28	9	33	9	19	19	19	22	22	22	41	41	41	21	21	21	11	11	11	10000	10000	10000	41	41	41	4	4	4	33	33	33	4	4	4	35	35	35	41	41	41	20
20	39	40	19	32	36	13	39	23	34	27	20	20	35	35	28	9	33	9	19	19	19	22	22	22	41	41	41	21	21	21	11	11	11	10000	10000	10000	41	41	41	4	4	4	33	33	33	4	4	4	35	35	35	41	41	41	20
20	39	40	19	32	36	13	39	23	34	27	20	20	35	35	28	9	33	9	19	19	19	22	22	22	41	41	41	21	21	21	11	11	11	10000	10000	10000	41	41	41	4	4	4	33	33	33	4	4	4	35	35	35	41	41	41	20
23	8	39	38	13	36	29	8	40	11	23	22	28	35	8	25	39	9	39	29	29	29	21	21	21	4	4	4	30	30	30	38	38	38	41	41	41	10000	10000	10000	42	42	42	19	19	19	39	39	39	22	22	22	10000	10000	10000	23
23	8	39	38	13	36	29	8	40	11	23	22	28	35	8	25	39	9	39	29	29	29	21	21	21	4	4	4	30	30	30	38	38	38	41	41	41	10000	10000	10000	42	42	42	19	19	19	39	39	39	22	22	22	10000	10000	10000	23
23	8	39	38	13	36	29	8	40	11	23	22	28	35	8	25	39	9	39	29	29	29	21	21	21	4	4	4	30	30	30	38	38	38	41	41	41	10000	10000	10000	42	42	42	19	19	19	39	39	39	22	22	22	10000	10000	10000	23
22	40	43	22	33	39	13	40	26	33	30	21	18	38	35	30	13	33	13	21	21	21	24	24	24	42	42	42	24	24	24	8	8	8	4	4	4	42	42	42	10000	10000	10000	31	31	31	8	8	8	37	37	37	42	42	42	22
22	40	43	22	33	39	13	40	26	33	30	21	18	38	35	30	13	33	13	21	21	21	24	24	24	42	42	42	24	24	24	8	8	8	4	4	4	42	42	42	10000	10000	10000	31	31	31	8	8	8	37	37	37	42	42	42	22
22	40	43	22	33	39	13	40	26	33	30	21	18	38	35	30	13	33	13	21	21	21	24	24	24	42	42	42	24	24	24	8	8	8	4	4	4	42	42	42	10000	10000	10000	31	31	31	8	8	8	37	37	37	42	42	42	22
22	24	49	38	22	45	21	24	41	9	30	20	14	43	19	31	35	16	35	30	30	30	22	22	22	22	22	22	32	32	32	25	25	25	33	33	33	19	19	19	31	31	31	10000	10000	10000	32	32	32	33	33	33	19	19	19	22
22	24	49	38	22	45	21	24	41	9	30	20	14	43	19	31	35	16	35	30	30	30	22	22	22	22	22	22	32	32	32	25	25	25	33	33	33	19	19	19	31	31	31	10000	10000	10000	32	32	32	33	33	33	19	19	19	22
22	24	49	38	22	45	21	24	41	9	30	20	14	43	19	31	35	16	35	30	30	30	22	22	22	22	22	22	32	32	32	25	25	25	33	33	33	19	19	19	31	31	31	10000	10000	10000	32	32	32	33	33	33	19	19	19	22
17	36	37	15	29	32	12	36	19	32	24	18	20	32	32	25	6	31	6	15	15	15	19	19	19	38	38	38	18	18	18	13	13	13	4	4	4	39	39	39	8	8	8	32	32	32	10000	10000	10000	31	31	31	39	39	39	17
17	36	37	15	29	32	12	36	19	32	24	18	20	32	32	25	6	31	6	15	15	15	19	19	19	38	38	38	18	18	18	13	13	13	4	4	4	39	39	39	8	8	8	32	32	32	10000	10000	10000	31	31	31	39	39	39	17
17	36	37	15	29	32	12	36	19	32	24	18	20	32	32	25	6	31	6	15	15	15	19	19	19	38	38	38	18	18	18	13	13	13	4	4	4	39	39	39	8	8	8	32	32	32	10000	10000	10000	31	31	31	39	39	39	17
17	15	17	22	12	14	27	15	22	26	8	19	33	13	16	7	28	19	28	17	17	17	16	16	16	19	19	19	15	15	15	38	38	38	35	35	35	22	22	22	37	37	37	33	33	33	31	31	31	10000	10000	10000	22	22	22	17
17	15	17	22	12	14	27	15	22	26	8	19	33	13	16	7	28	19	28	17	17	17	16	16	16	19	19	19	15	15	15	38	38	38	35	35	35	22	22	22	37	37	37	33	33	33	31	31	31	10000	10000	10000	22	22	22	17
17	15	17	22	12	14	27	15	22	26	8	19	33	13	16	7	28	19	28	17	17	17	16	16	16	19	19	19	15	15	15	38	38	38	35	35	35	22	22	22	37	37	37	33	33	33	31	31	31	10000	10000	10000	22	22	22	17
23	8	39	38	13	36	29	8	40	11	23	22	28	35	8	25	39	9	39	29	29	29	21	21	21	4	4	4	30	30	30	38	38	38	41	41	41	10000	10000	10000	42	42	42	19	19	19	39	39	39	22	22	22	10000	10000	10000	23
23	8	39	38	13	36	29	8	40	11	23	22	28	35	8	25	39	9	39	29	29	29	21	21	21	4	4	4	30	30	30	38	38	38	41	41	41	10000	10000	10000	42	42	42	19	19	19	39	39	39	22	22	22	10000	10000	10000	23
23	8	39	38	13	36	29	8	40	11	23	22	28	35	8	25	39	9	39	29	29	29	21	21	21	4	4	4	30	30	30	38	38	38	41	41	41	10000	10000	10000	42	42	42	19	19	19	39	39	39	22	22	22	10000	10000	10000	23
0	19	29	17	12	25	10	19	20	18	11	2	17	24	15	12	17	14	17	8	8	8	3	3	3	22	22	22	11	11	11	21	21	21	20	20	20	23	23	23	22	22	22	22	22	22	17	17	17	17	17	17	23	23	23	0
