temp dep: 1
  35 47 1 0 0 1 1
  47 35 2 0 0 0 1
temp dep: 2
  29 41 1 0 0 1 1
  41 29 2 0 0 0 1
temp dep: 3
  30 31 1 35 593 0 3
  31 30 2 39 593 0 3
temp dep: 4
  42 43 1 35 593 0 3
  43 42 2 39 593 0 3
temp dep: 5
  30 42 1 0 0 1 1
  30 42 2 0 0 0 1
temp dep: 6
  31 43 1 0 0 1 1
  31 43 2 0 0 0 1
temp dep: 7
  36 37 1 56 593 1 2
  37 36 2 594 594 0 2
temp dep: 8
  48 49 1 56 593 1 2
  49 48 2 594 594 0 2
temp dep: 9
  36 48 1 0 0 1 1
  36 48 2 0 0 0 1
temp dep: 10
  37 49 1 0 0 1 1
  37 49 2 0 0 0 1
temp dep: 11
  21 22 1 35 593 0 3
  22 21 2 36 593 0 3
temp dep: 12
  18 19 1 32 593 0 3
  19 18 2 32 593 0 3
temp dep: 13
  24 25 1 33 593 0 3
  25 24 2 33 593 0 3
temp dep: 14
  12 13 1 37 593 1 2
  13 12 2 594 594 0 2
temp dep: 15
  45 46 1 55 593 0 3
  46 45 2 44 593 0 3
temp dep: 16
  39 40 1 49 593 0 3
  40 39 2 35 593 0 3
temp dep: 17
  27 28 1 62 593 0 3
  28 27 2 47 593 0 3
