temp dep: 1
  38 53 1 0 0 1 1
  53 38 2 0 0 0 1
temp dep: 2
  39 54 1 0 0 1 1
  54 39 2 0 0 0 1
temp dep: 3
  27 28 1 73 651 1 2
  28 27 2 652 652 0 2
temp dep: 4
  36 37 1 36 651 1 2
  37 36 2 652 652 0 2
temp dep: 5
  39 40 1 39 651 0 3
  40 39 2 41 651 0 3
temp dep: 6
  40 55 1 0 0 1 1
  55 40 2 0 0 0 1
temp dep: 7
  54 55 1 39 651 0 3
  55 54 2 41 651 0 3
temp dep: 8
  30 31 1 89 651 0 3
  31 30 2 75 651 0 3
temp dep: 9
  17 19 1 0 0 1 1
  19 17 2 0 0 0 1
temp dep: 10
  2 8 1 0 0 1 1
  8 2 2 0 0 0 1
temp dep: 11
  42 43 1 44 651 0 3
  43 42 2 44 651 0 3
temp dep: 12
  45 46 1 37 651 1 2
  46 45 2 652 652 0 2
